Diagonal entries:
[-2, -1, -2, -1, -2, -1, -2, -1, 1, 1, -1, ]
Cograph adjacency matrix:
[[0, 1, 1, 0, 0, 0, 1, 1, 1, 1, 1, 1 ],
[1, 0, 1, 0, 0, 0, 1, 1, 1, 1, 1, 1 ],
[1, 1, 0, 0, 0, 0, 1, 1, 1, 1, 1, 1 ],
[0, 0, 0, 0, 1, 1, 1, 1, 1, 1, 1, 1 ],
[0, 0, 0, 1, 0, 1, 1, 1, 1, 1, 1, 1 ],
[0, 0, 0, 1, 1, 0, 1, 1, 1, 1, 1, 1 ],
[1, 1, 1, 1, 1, 1, 0, 1, 1, 0, 0, 0 ],
[1, 1, 1, 1, 1, 1, 1, 0, 1, 0, 0, 0 ],
[1, 1, 1, 1, 1, 1, 1, 1, 0, 0, 0, 0 ],
[1, 1, 1, 1, 1, 1, 0, 0, 0, 0, 1, 1 ],
[1, 1, 1, 1, 1, 1, 0, 0, 0, 1, 0, 1 ],
[1, 1, 1, 1, 1, 1, 0, 0, 0, 1, 1, 0 ]]

> Eigenvalues(pres);
{ <-1, 8>, <-4, 1>, <2, 2>, <8, 1> }
