Diagonal entries: 
[-6, -4, -6, -4, -6, -4, -6, -4, 0, 0, -2, ]
Cograph adjacency matrix:
[[0, 1, 1, 0, 0, 0, 1, 1, 1, 1, 1, 1 ],
[1, 0, 1, 0, 0, 0, 1, 1, 1, 1, 1, 1 ],
[1, 1, 0, 0, 0, 0, 1, 1, 1, 1, 1, 1 ],
[0, 0, 0, 0, 1, 1, 1, 1, 1, 1, 1, 1 ],
[0, 0, 0, 1, 0, 1, 1, 1, 1, 1, 1, 1 ],
[0, 0, 0, 1, 1, 0, 1, 1, 1, 1, 1, 1 ],
[1, 1, 1, 1, 1, 1, 0, 1, 1, 0, 0, 0 ],
[1, 1, 1, 1, 1, 1, 1, 0, 1, 0, 0, 0 ],
[1, 1, 1, 1, 1, 1, 1, 1, 0, 0, 0, 0 ],
[1, 1, 1, 1, 1, 1, 0, 0, 0, 0, 1, 1 ],
[1, 1, 1, 1, 1, 1, 0, 0, 0, 1, 0, 1 ],
[1, 1, 1, 1, 1, 1, 0, 0, 0, 1, 1, 0 ],
]