Diagonal entries: 
[-18, -13, -18, -13, -18, -13, -18, -13, -4, -4, -4, ]
Cograph adjacency matrix:
[[0, 1, 1, 0, 0, 0, 1, 1, 1, 1, 1, 1 ],
[1, 0, 1, 0, 0, 0, 1, 1, 1, 1, 1, 1 ],
[1, 1, 0, 0, 0, 0, 1, 1, 1, 1, 1, 1 ],
[0, 0, 0, 0, 1, 1, 1, 1, 1, 1, 1, 1 ],
[0, 0, 0, 1, 0, 1, 1, 1, 1, 1, 1, 1 ],
[0, 0, 0, 1, 1, 0, 1, 1, 1, 1, 1, 1 ],
[1, 1, 1, 1, 1, 1, 0, 1, 1, 0, 0, 0 ],
[1, 1, 1, 1, 1, 1, 1, 0, 1, 0, 0, 0 ],
[1, 1, 1, 1, 1, 1, 1, 1, 0, 0, 0, 0 ],
[1, 1, 1, 1, 1, 1, 0, 0, 0, 0, 1, 1 ],
[1, 1, 1, 1, 1, 1, 0, 0, 0, 1, 0, 1 ],
[1, 1, 1, 1, 1, 1, 0, 0, 0, 1, 1, 0 ],
]